0 0.5125 0.1390625 0.065625 0.0625
0 0.9109375 0.034375 0.05625 0.059375
0 0.2390625 0.2296875 0.05 0.046875
0 0.8046875 0.20625 0.040625 0.034375
0 0.7750000000000001 0.1625 0.040625 0.046875
0 0.8234375 0.09687500000000002 0.05625 0.04375
0 0.6859374999999999 0.1640625 0.021875 0.0375
0 0.715625 0.16875 0.0375 0.034375
0 0.5546875 0.1546875 0.05 0.04375
0 0.428125 0.0328125 0.046875 0.0625
0 0.39531250000000007 0.01015625 0.059375 0.0203125
0 0.59375 0.1453125 0.021875 0.0375
0 0.6296875 0.1296875 0.065625 0.05
