0 0.9328125 0.4390625 0.05 0.05
0 0.878125 0.6890625000000001 0.034375 0.040625
0 0.4515625 0.5765625 0.046875 0.04375
0 0.4484375 0.4859375 0.0375 0.03125
0 0.640625 0.08906250000000002 0.05 0.04375
0 0.9125 0.296875 0.04375 0.046875
0 0.203125 0.775 0.03125 0.028125
0 0.228125 0.734375 0.040625 0.04375
0 0.7671875000000001 0.9109375 0.040625 0.0375
0 0.5374999999999999 0.3921875 0.0375 0.034375
0 0.3578125 0.3609375 0.04375 0.04375
0 0.1796875 0.7390625 0.040625 0.034375
0 0.2875 0.6812500000000001 0.05 0.040625
0 0.5046875 0.4609375 0.0375 0.034375
0 0.9484375 0.32343749999999993 0.040625 0.034375
0 0.4078125 0.578125 0.04375 0.04375
0 0.9609375 0.5796875 0.028125 0.03125
0 0.95625 0.28437499999999993 0.04375 0.05
0 0.575 0.403125 0.03125 0.03125
0 0.621875 0.334375 0.040625 0.028125
0 0.4453125 0.378125 0.034375 0.015625
0 0.4828125 0.38125 0.046875 0.0125
0 0.4796875 0.35625000000000007 0.040625 0.028125
0 0.74375 0.18593750000000003 0.034375 0.0375
0 0.8109375 0.19375000000000003 0.0375 0.0375
0 0.0484375 0.2796875 0.015625 0.015625
0 0.7 0.1609375 0.021875 0.028125
0 0.8453125 0.18125 0.0375 0.034375
0 0.89375 0.071875 0.034375 0.021875
0 0.771875 0.8453125 0.03125 0.015625
0 0.4640625 0.31875 0.034375 0.03125
0 0.7 0.3796875 0.03125 0.01875
