0 0.7171874999999999 0.2859375 0.053125 0.05625
0 0.5515625 0.2375 0.05 0.053125
0 0.7234375 0.1515625 0.040625 0.03125
0 0.20625 0.17031250000000003 0.0375 0.0375
0 0.3 0.084375 0.0375 0.04375
0 0.1078125 0.0921875 0.046875 0.046875
0 0.3375 0.06875 0.0375 0.034375
0 0.8046875 0.1140625 0.05625 0.053125
0 0.946875 0.084375 0.046875 0.040625
0 0.3609375 0.09375 0.025 0.01875
0 0.37812499999999993 0.040625 0.034375 0.03125
0 0.4390625 0.07499999999999998 0.028125 0.0125
0 0.8515625 0.1859375 0.03125 0.03125
